cvegeo	llamadas_hidroproblemas
0900200010010	4
0900200010010	4
0900200010025	2
0900200010025	2
090020001003A	2
090020001003A	2
0900200010044	6
0900200010044	6
0900200010097	4
0900200010097	4
0900200010129	2
0900200010129	2
0900200010148	2
0900200010148	2
0900200010167	2
0900200010167	2
0900200010190	2
0900200010190	2
0900200010311	2
0900200010311	2
0900200010326	4
0900200010326	4
0900200010345	2
0900200010345	2
090020001035A	2
090020001035A	2
0900200010379	2
0900200010379	2
0900200010434	2
0900200010434	2
0900200010472	4
0900200010472	4
0900200010504	2
0900200010504	2
0900200010542	2
0900200010542	2
0900200010580	4
0900200010580	4
0900200010595	6
0900200010595	6
0900200010608	2
0900200010608	2
0900200010650	2
0900200010650	2
0900200010665	2
0900200010665	2
0900200010684	10
0900200010684	10
0900200010701	2
0900200010701	2
0900200010716	4
0900200010716	4
0900200010788	2
0900200010788	2
090020001081A	2
090020001081A	2
0900200010824	2
0900200010824	2
0900200010839	2
0900200010839	2
0900200010858	2
0900200010858	2
0900200010877	4
0900200010877	4
0900200010881	4
0900200010881	4
0900200010966	2
0900200010966	2
0900200010970	2
0900200010970	2
0900200011023	6
0900200011023	6
0900200011042	2
0900200011042	2
0900200011095	4
0900200011095	4
0900200011112	2
0900200011112	2
0900200011127	2
0900200011127	2
0900200011165	2
0900200011165	2
0900300010018	6
0900300010018	6
0900300010022	10
0900300010022	10
0900300010037	4
0900300010037	4
0900300010041	4
0900300010041	4
0900300010056	2
0900300010056	2
0900300010060	2
0900300010060	2
0900300010075	4
0900300010075	4
090030001008A	4
090030001008A	4
0900300010094	2
0900300010094	2
0900300010111	10
0900300010111	10
0900300010126	2
0900300010126	2
0900300010130	2
0900300010130	2
0900300010145	8
0900300010145	8
090030001015A	10
090030001015A	10
0900300010164	6
0900300010164	6
0900300010179	2
0900300010179	2
0900300010183	2
0900300010183	2
0900300010198	2
0900300010198	2
0900300010200	4
0900300010200	4
0900300010215	4
0900300010215	4
0900300010234	2
0900300010234	2
0900300010249	2
0900300010249	2
0900300010268	2
0900300010268	2
0900300010272	2
0900300010272	2
0900300010287	4
0900300010287	4
0900300010291	6
0900300010291	6
0900300010319	4
0900300010319	4
0900300010323	8
0900300010323	8
0900300010380	2
0900300010380	2
0900300010395	4
0900300010395	4
0900300010412	6
0900300010412	6
0900300010427	8
0900300010427	8
0900300010450	2
0900300010450	2
0900300010465	4
0900300010465	4
0900300010499	4
0900300010499	4
0900300010516	2
0900300010516	2
0900300010535	2
0900300010535	2
0900300010554	2
0900300010554	2
090030001061A	2
090030001061A	2
0900300010643	2
0900300010643	2
0900300010658	6
0900300010658	6
0900300010677	4
0900300010677	4
0900300010681	2
0900300010681	2
0900300010696	10
0900300010696	10
0900300010713	8
0900300010713	8
0900300010728	4
0900300010728	4
0900300010770	6
0900300010770	6
0900300010785	6
0900300010785	6
090030001079A	2
090030001079A	2
0900300010817	6
0900300010817	6
0900300010836	2
0900300010836	2
0900300010855	4
0900300010855	4
090030001086A	2
090030001086A	2
0900300010893	6
0900300010893	6
0900300010906	2
0900300010906	2
0900300010959	2
0900300010959	2
0900300010963	2
0900300010963	2
0900300010997	4
0900300010997	4
0900300011001	4
0900300011001	4
0900300011020	6
0900300011020	6
0900300011069	2
0900300011069	2
0900300011073	2
0900300011073	2
0900300011092	2
0900300011092	2
0900300011105	16
0900300011105	16
0900300011124	16
0900300011124	16
0900300011158	2
0900300011158	2
0900300011213	6
0900300011213	6
0900300011232	2
0900300011232	2
0900300011266	2
0900300011266	2
090030001129A	2
090030001129A	2
0900300011374	2
0900300011374	2
0900300011389	2
0900300011389	2
0900300011406	6
0900300011406	6
0900300011410	4
0900300011410	4
0900300011425	6
0900300011425	6
090030001143A	12
090030001143A	12
0900300011444	6
0900300011444	6
0900300011459	2
0900300011459	2
0900300011463	2
0900300011463	2
0900300011478	2
0900300011478	2
090030001150A	2
090030001150A	2
0900300011514	2
0900300011514	2
0900300011567	2
0900300011567	2
0900300011618	2
0900300011618	2
0900300011622	2
0900300011622	2
0900300011637	2
0900300011637	2
0900300011641	12
0900300011641	12
0900300011660	6
0900300011660	6
0900300011675	2
0900300011675	2
090030001168A	2
090030001168A	2
0900300011694	2
0900300011694	2
0900300011726	2
0900300011726	2
0900300011745	2
0900300011745	2
090030001175A	2
090030001175A	2
0900300011783	2
0900300011783	2
0900300011798	2
0900300011798	2
090040001002A	4
090040001002A	4
0900400010049	2
0900400010049	2
0900400010119	4
0900400010119	4
0900400010176	4
0900400010176	4
0900400010180	2
0900400010180	2
0900400010195	10
0900400010195	10
0900400010208	2
0900400010208	2
0900400010212	2
0900400010212	2
0900400010227	2
0900400010227	2
0900400010231	4
0900400010231	4
0900400010301	4
0900400010301	4
0900400010354	2
0900400010354	2
0900400010405	4
0900400010405	4
0900400200246	6
0900400200246	6
0900400200316	4
0900400200316	4
090040157	8
090040157	8
0900500010050	2
0900500010050	2
0900500010084	2
0900500010084	2
0900500010101	10
0900500010101	10
0900500010154	12
0900500010154	12
0900500010173	2
0900500010173	2
0900500010192	6
0900500010192	6
0900500010224	2
0900500010224	2
0900500010243	2
0900500010243	2
0900500010277	2
0900500010277	2
0900500010309	2
0900500010309	2
0900500010313	6
0900500010313	6
0900500010351	4
0900500010351	4
090050001039A	4
090050001039A	4
0900500010402	6
0900500010402	6
0900500010417	4
0900500010417	4
0900500010421	6
0900500010421	6
0900500010440	2
0900500010440	2
0900500010489	4
0900500010489	4
0900500010525	2
0900500010525	2
0900500010582	2
0900500010582	2
0900500010597	4
0900500010597	4
090050001060A	4
090050001060A	4
0900500010633	4
0900500010633	4
0900500010703	6
0900500010703	6
0900500010722	4
0900500010722	4
0900500010737	2
0900500010737	2
0900500010741	2
0900500010741	2
0900500010756	2
0900500010756	2
0900500010760	4
0900500010760	4
090050001078A	2
090050001078A	2
0900500010830	2
0900500010830	2
0900500010845	4
0900500010845	4
090050001085A	6
090050001085A	6
0900500010864	2
0900500010864	2
0900500010883	2
0900500010883	2
0900500010898	2
0900500010898	2
0900500010934	2
0900500010934	2
0900500010972	2
0900500010972	2
0900500011025	4
0900500011025	4
090050001103A	2
090050001103A	2
0900500011063	2
0900500011063	2
0900500011129	2
0900500011129	2
0900500011133	4
0900500011133	4
0900500011148	2
0900500011148	2
0900500011167	2
0900500011167	2
0900500011190	2
0900500011190	2
0900500011256	4
0900500011256	4
0900500011260	6
0900500011260	6
0900500011275	4
0900500011275	4
090050001128A	8
090050001128A	8
0900500011294	4
0900500011294	4
0900500011311	2
0900500011311	2
0900500011326	4
0900500011326	4
090050001135A	2
090050001135A	2
0900500011383	2
0900500011383	2
0900500011400	2
0900500011400	2
0900500011415	2
0900500011415	2
090050001142A	4
090050001142A	4
0900500011453	4
0900500011453	4
0900500011468	2
0900500011468	2
0900500011472	2
0900500011472	2
0900500011487	2
0900500011487	2
0900500011523	4
0900500011523	4
0900500011538	4
0900500011538	4
0900500011557	4
0900500011557	4
0900500011561	2
0900500011561	2
0900500011576	2
0900500011576	2
0900500011580	4
0900500011580	4
0900500011608	4
0900500011608	4
0900500011612	2
0900500011612	2
0900500011650	2
0900500011650	2
090050001167A	6
090050001167A	6
0900500011699	2
0900500011699	2
0900500011716	4
0900500011716	4
0900500011720	4
0900500011720	4
0900500011735	8
0900500011735	8
0900500011769	10
0900500011769	10
0900500011773	2
0900500011773	2
0900500011805	2
0900500011805	2
0900500011824	2
0900500011824	2
0900500011839	2
0900500011839	2
0900500011858	2
0900500011858	2
0900500011862	2
0900500011862	2
0900500011881	2
0900500011881	2
0900500011896	2
0900500011896	2
0900500011909	2
0900500011909	2
0900500011985	4
0900500011985	4
0900500012004	4
0900500012004	4
0900500012019	2
0900500012019	2
0900500012038	4
0900500012038	4
0900500012061	2
0900500012061	2
0900500012127	2
0900500012127	2
0900500012131	2
0900500012131	2
0900500012146	2
0900500012146	2
0900500012165	8
0900500012165	8
090050001217A	2
090050001217A	2
0900500012199	4
0900500012199	4
0900500012273	2
0900500012273	2
0900500012288	4
0900500012288	4
0900500012292	2
0900500012292	2
0900500012324	2
0900500012324	2
0900500012343	8
0900500012343	8
0900500012358	2
0900500012358	2
0900500012409	2
0900500012409	2
0900500012432	2
0900500012432	2
0900500012485	4
0900500012485	4
0900500012593	2
0900500012593	2
0900500012644	2
0900500012644	2
0900500012663	2
0900500012663	2
0900500012682	6
0900500012682	6
0900500012697	2
0900500012697	2
0900500012714	2
0900500012714	2
0900500012729	6
0900500012729	6
0900500012841	2
0900500012841	2
0900500012856	4
0900500012856	4
0900500012860	6
0900500012860	6
0900500012875	6
0900500012875	6
0900500012945	2
0900500012945	2
0900500013055	4
0900500013055	4
0900500013089	4
0900500013089	4
0900500013182	2
0900500013182	2
0900500013267	2
0900500013267	2
0900500013290	2
0900500013290	2
0900500013303	2
0900500013303	2
0900500013375	2
0900500013375	2
0900500013407	4
0900500013407	4
0900600010039	2
0900600010039	2
0900600010058	4
0900600010058	4
0900600010132	6
0900600010132	6
0900600010147	2
0900600010147	2
0900600010151	2
0900600010151	2
0900600010166	2
0900600010166	2
0900600010185	2
0900600010185	2
0900600010202	6
0900600010202	6
0900600010221	12
0900600010221	12
0900600010255	2
0900600010255	2
0900600010325	4
0900600010325	4
0900600010363	4
0900600010363	4
0900600010382	4
0900600010382	4
0900600010452	2
0900600010452	2
0900600010467	4
0900600010467	4
0900600010518	8
0900600010518	8
0900600010541	2
0900600010541	2
090060001058A	4
090060001058A	4
0900600010594	4
0900600010594	4
0900600010611	2
0900600010611	2
0900600010679	2
0900600010679	2
0900600010700	2
0900600010700	2
0900600010753	4
0900600010753	4
0900600010772	2
0900600010772	2
0900600010787	2
0900600010787	2
0900600010838	4
0900600010838	4
0900600010842	2
0900600010842	2
0900600010876	2
0900600010876	2
0900600010931	2
0900600010931	2
0900600010950	2
0900600010950	2
0900600010965	6
0900600010965	6
090060001097A	2
090060001097A	2
0900600010984	2
0900600010984	2
0900600011018	4
0900600011018	4
0900600011060	4
0900600011060	4
0900600011107	2
0900600011107	2
0900600011130	2
0900600011130	2
090060001115A	2
090060001115A	2
0900600011198	2
0900600011198	2
0900700010017	2
0900700010017	2
0900700010021	8
0900700010021	8
0900700010036	4
0900700010036	4
0900700010040	2
0900700010040	2
0900700010089	4
0900700010089	4
090070001013A	2
090070001013A	2
0900700010182	6
0900700010182	6
0900700010271	2
0900700010271	2
0900700010286	8
0900700010286	8
0900700010318	2
0900700010318	2
090070001038A	4
090070001038A	4
0900700010411	8
0900700010411	8
0900700010426	2
0900700010426	2
0900700010445	4
0900700010445	4
0900700010464	2
0900700010464	2
0900700010483	4
0900700010483	4
0900700010498	6
0900700010498	6
0900700010500	6
0900700010500	6
0900700010515	6
0900700010515	6
0900700010534	4
0900700010534	4
0900700010568	2
0900700010568	2
0900700010604	2
0900700010604	2
0900700010619	44
0900700010619	44
0900700010623	2
0900700010623	2
0900700010657	4
0900700010657	4
0900700010676	4
0900700010676	4
0900700010680	4
0900700010680	4
0900700010695	4
0900700010695	4
0900700010708	2
0900700010708	2
0900700010727	2
0900700010727	2
0900700010731	4
0900700010731	4
0900700010746	6
0900700010746	6
0900700010750	6
0900700010750	6
0900700010784	8
0900700010784	8
0900700010801	2
0900700010801	2
0900700010820	4
0900700010820	4
090070001084A	2
090070001084A	2
0900700010854	4
0900700010854	4
0900700010905	6
0900700010905	6
0900700010924	2
0900700010924	2
0900700010939	4
0900700010939	4
0900700010943	2
0900700010943	2
0900700010977	6
0900700010977	6
0900700011015	2
0900700011015	2
0900700011034	8
0900700011034	8
0900700011049	2
0900700011049	2
0900700011053	2
0900700011053	2
0900700011087	4
0900700011087	4
0900700011091	4
0900700011091	4
0900700011104	6
0900700011104	6
0900700011138	48
0900700011138	48
0900700011142	2
0900700011142	2
0900700011195	4
0900700011195	4
0900700011208	16
0900700011208	16
0900700011227	2
0900700011227	2
0900700011246	4
0900700011246	4
0900700011265	2
0900700011265	2
090070001127A	2
090070001127A	2
0900700011335	6
0900700011335	6
090070001134A	14
090070001134A	14
0900700011354	2
0900700011354	2
090070001141A	4
090070001141A	4
0900700011439	2
0900700011439	2
0900700011477	2
0900700011477	2
0900700011481	2
0900700011481	2
0900700011509	2
0900700011509	2
0900700011513	12
0900700011513	12
090070001159A	8
090070001159A	8
090070001166A	2
090070001166A	2
0900700011674	2
0900700011674	2
0900700011689	4
0900700011689	4
0900700011710	6
0900700011710	6
0900700011763	8
0900700011763	8
0900700011848	2
0900700011848	2
0900700011852	4
0900700011852	4
0900700011890	2
0900700011890	2
090070001198A	4
090070001198A	4
0900700012085	2
0900700012085	2
0900700012155	2
0900700012155	2
0900700012390	2
0900700012390	2
0900700012456	2
0900700012456	2
0900700012475	8
0900700012475	8
0900700012494	10
0900700012494	10
0900700012507	2
0900700012507	2
0900700012526	4
0900700012526	4
0900700012530	16
0900700012530	16
0900700012545	4
0900700012545	4
090070001255A	8
090070001255A	8
0900700012564	2
0900700012564	2
0900700012600	22
0900700012600	22
0900700012615	2
0900700012615	2
0900700012649	2
0900700012649	2
0900700012687	2
0900700012687	2
0900700012691	2
0900700012691	2
0900700012704	2
0900700012704	2
0900700012738	4
0900700012738	4
0900700012757	6
0900700012757	6
0900700012776	2
0900700012776	2
0900700013026	6
0900700013026	6
0900700013079	8
0900700013079	8
0900700013100	2
0900700013100	2
0900700013219	2
0900700013219	2
0900700013295	2
0900700013295	2
0900700013327	4
0900700013327	4
0900700013488	2
0900700013488	2
0900700013577	6
0900700013577	6
0900700013613	2
0900700013613	2
0900700013651	2
0900700013651	2
0900700013666	2
0900700013666	2
0900700013670	2
0900700013670	2
090070001369A	2
090070001369A	2
0900700013702	2
0900700013702	2
0900700013721	2
0900700013721	2
0900700013740	2
0900700013740	2
0900700013774	2
0900700013774	2
0900700013793	2
0900700013793	2
0900700013806	6
0900700013806	6
090070001390A	2
090070001390A	2
0900700013914	6
0900700013914	6
0900700013986	2
0900700013986	2
0900700014043	2
0900700014043	2
0900700014062	2
0900700014062	2
0900700014081	2
0900700014081	2
0900700014166	6
0900700014166	6
0900700014170	2
0900700014170	2
090070001419A	2
090070001419A	2
0900700014236	2
0900700014236	2
0900700014382	2
0900700014382	2
0900700014664	2
0900700014664	2
0900700014715	6
0900700014715	6
0900700014734	6
0900700014734	6
0900700014749	2
0900700014749	2
0900700014772	2
0900700014772	2
0900700014861	2
0900700014861	2
0900700014876	2
0900700014876	2
0900700014908	6
0900700014908	6
0900700014927	6
0900700014927	6
0900700014965	4
0900700014965	4
090070001497A	2
090070001497A	2
0900700014999	10
0900700014999	10
0900700015003	4
0900700015003	4
0900700015056	6
0900700015056	6
0900700015060	4
0900700015060	4
0900700015107	2
0900700015107	2
0900700015198	2
0900700015198	2
0900700015215	4
0900700015215	4
0900700015272	2
0900700015272	2
0900700015291	2
0900700015291	2
0900700015408	2
0900700015408	2
0900700015427	2
0900700015427	2
0900700015431	2
0900700015431	2
0900700015446	2
0900700015446	2
090070001547A	2
090070001547A	2
0900700015535	4
0900700015535	4
0900700015662	2
0900700015662	2
0900700015709	2
0900700015709	2
0900700015713	2
0900700015713	2
0900700015925	2
0900700015925	2
0900800010086	4
0900800010086	4
0900800010090	2
0900800010090	2
0900800010118	2
0900800010118	2
0900800010122	4
0900800010122	4
0900800010141	4
0900800010141	4
090080001018A	2
090080001018A	2
0900800010194	6
0900800010194	6
0900800010211	4
0900800010211	4
0900800010226	2
0900800010226	2
0900800010230	2
0900800010230	2
0900800010264	2
0900800010264	2
0900800010283	4
0900800010283	4
0900800010315	4
0900800010315	4
0900800010349	2
0900800010349	2
0900800010353	2
0900800010353	2
0900800010387	6
0900800010387	6
0900800010423	2
0900800010423	2
0900800010438	2
0900800010438	2
0900800010457	4
0900800010457	4
0900800010508	2
0900800010508	2
0900800010512	4
0900800010512	4
0900800010527	6
0900800010527	6
0900800010565	4
0900800010565	4
090080001057A	2
090080001057A	2
0900800010599	2
0900800010599	2
090080368	4
090080368	4
0900900010331	2
0900900010331	2
0900900110416	4
0900900110416	4
0900900110435	2
0900900110435	2
090090015012A	4
090090015012A	4
0900900170384	2
0900900170384	2
0900900240577	2
0900900240577	2
090090029044A	2
090090029044A	2
090090100	2
090090100	2
090090539	2
090090539	2
0901000010031	2
0901000010031	2
0901000010050	6
0901000010050	6
0901000010065	2
0901000010065	2
0901000010099	2
0901000010099	2
0901000010116	4
0901000010116	4
0901000010135	8
0901000010135	8
090100001014A	4
090100001014A	4
0901000010173	2
0901000010173	2
0901000010192	4
0901000010192	4
0901000010243	2
0901000010243	2
0901000010281	4
0901000010281	4
0901000010309	2
0901000010309	2
0901000010417	2
0901000010417	2
0901000010421	2
0901000010421	2
0901000010474	2
0901000010474	2
0901000010506	4
0901000010506	4
0901000010525	2
0901000010525	2
0901000010559	2
0901000010559	2
0901000010629	2
0901000010629	2
0901000010648	4
0901000010648	4
0901000010667	2
0901000010667	2
0901000010671	2
0901000010671	2
0901000010690	2
0901000010690	2
0901000010722	2
0901000010722	2
0901000010775	2
0901000010775	2
0901000010811	2
0901000010811	2
0901000010830	4
0901000010830	4
090100001092A	6
090100001092A	6
0901000010953	2
0901000010953	2
0901000010968	2
0901000010968	2
0901000010972	4
0901000010972	4
0901000010987	4
0901000010987	4
0901000010991	12
0901000010991	12
0901000011006	4
0901000011006	4
0901000011010	2
0901000011010	2
0901000011059	4
0901000011059	4
0901000011063	4
0901000011063	4
0901000011114	2
0901000011114	2
0901000011129	4
0901000011129	4
0901000011133	4
0901000011133	4
0901000011148	2
0901000011148	2
0901000011152	4
0901000011152	4
0901000011171	2
0901000011171	2
0901000011222	2
0901000011222	2
0901000011237	2
0901000011237	2
0901000011241	4
0901000011241	4
0901000011260	8
0901000011260	8
0901000011275	4
0901000011275	4
090100001128A	6
090100001128A	6
0901000011294	2
0901000011294	2
0901000011307	22
0901000011307	22
0901000011330	4
0901000011330	4
0901000011345	2
0901000011345	2
090100001135A	2
090100001135A	2
0901000011379	6
0901000011379	6
0901000011434	2
0901000011434	2
0901000011468	4
0901000011468	4
0901000011472	2
0901000011472	2
0901000011580	4
0901000011580	4
0901000011646	2
0901000011646	2
090100001167A	4
090100001167A	4
0901000011684	2
0901000011684	2
0901000011720	2
0901000011720	2
0901000011735	2
0901000011735	2
090100001174A	6
090100001174A	6
0901000011769	4
0901000011769	4
0901000011788	2
0901000011788	2
0901000011881	2
0901000011881	2
0901000011947	2
0901000011947	2
0901000011966	2
0901000011966	2
0901000012076	4
0901000012076	4
0901000012150	2
0901000012150	2
0901000012199	2
0901000012199	2
0901000012269	2
0901000012269	2
0901000012273	2
0901000012273	2
0901000012288	2
0901000012288	2
0901000012362	2
0901000012362	2
090110001001A	2
090110001001A	2
0901100010077	2
0901100010077	2
0901100010132	6
0901100010132	6
0901100010325	2
0901100010325	2
0901100010378	8
0901100010378	8
0901100010382	2
0901100010382	2
090110001040A	4
090110001040A	4
0901100010414	6
0901100010414	6
0901100010452	2
0901100010452	2
0901100010594	2
0901100010594	2
0901100010664	2
0901100010664	2
0901100010772	2
0901100010772	2
0901100010931	4
0901100010931	4
0901100010999	8
0901100010999	8
0901100011056	4
0901100011056	4
0901100011094	2
0901100011094	2
0901100011111	2
0901100011111	2
0901100011249	2
0901100011249	2
0901100011253	2
0901100011253	2
0901100011268	2
0901100011268	2
0901100011357	6
0901100011357	6
0901100011427	2
0901100011427	2
0901100011446	2
0901100011446	2
0901100011450	2
0901100011450	2
0901100011484	2
0901100011484	2
0901100211003	2
0901100211003	2
090110021115A	4
090110021115A	4
0901100260965	2
0901100260965	2
090110026097A	2
090110026097A	2
0901100261164	24
0901100261164	24
090111198	2
090111198	2
0901200010017	4
0901200010017	4
0901200010021	6
0901200010021	6
0901200010040	4
0901200010040	4
0901200010074	8
0901200010074	8
0901200010093	2
0901200010093	2
0901200010182	2
0901200010182	2
090120001020A	2
090120001020A	2
0901200010214	8
0901200010214	8
0901200010233	2
0901200010233	2
0901200010337	2
0901200010337	2
0901200010341	2
0901200010341	2
0901200010375	4
0901200010375	4
090120001038A	4
090120001038A	4
0901200010394	2
0901200010394	2
0901200010407	4
0901200010407	4
0901200010411	10
0901200010411	10
0901200010426	6
0901200010426	6
0901200010430	12
0901200010430	12
0901200010445	2
0901200010445	2
090120001045A	2
090120001045A	2
0901200010479	2
0901200010479	2
0901200010500	2
0901200010500	2
090120001052A	4
090120001052A	4
0901200010549	2
0901200010549	2
0901200010553	2
0901200010553	2
0901200010572	2
0901200010572	2
0901200010619	6
0901200010619	6
0901200010623	14
0901200010623	14
0901200010638	12
0901200010638	12
0901200010642	8
0901200010642	8
0901200010657	2
0901200010657	2
0901200010676	2
0901200010676	2
0901200010680	4
0901200010680	4
0901200010695	2
0901200010695	2
0901200010708	2
0901200010708	2
0901200010784	8
0901200010784	8
0901200010799	10
0901200010799	10
0901200010801	2
0901200010801	2
0901200010820	12
0901200010820	12
0901200010835	24
0901200010835	24
090120001084A	2
090120001084A	2
0901200010869	4
0901200010869	4
0901200010888	2
0901200010888	2
0901200010892	2
0901200010892	2
0901200010924	8
0901200010924	8
0901200010943	2
0901200010943	2
0901200010958	8
0901200010958	8
0901200010962	10
0901200010962	10
0901200010977	8
0901200010977	8
0901200010981	6
0901200010981	6
0901200011015	12
0901200011015	12
090120001102A	4
090120001102A	4
0901200011068	2
0901200011068	2
0901200011072	6
0901200011072	6
0901200011091	2
0901200011091	2
0901200011104	4
0901200011104	4
0901200011119	2
0901200011119	2
0901200011157	2
0901200011157	2
0901200011161	2
0901200011161	2
0901200011195	4
0901200011195	4
0901200011369	4
0901200011369	4
0901200011443	2
0901200011443	2
0901200011458	2
0901200011458	2
0901200011477	2
0901200011477	2
0901200011481	2
0901200011481	2
0901200011602	2
0901200011602	2
0901200011890	2
0901200011890	2
0901200011922	2
0901200011922	2
0901200011937	2
0901200011937	2
0901200011956	20
0901200011956	20
0901200011960	4
0901200011960	4
0901200011975	2
0901200011975	2
0901200012009	2
0901200012009	2
0901200012066	6
0901200012066	6
0901200012070	20
0901200012070	20
0901200012102	2
0901200012102	2
0901200012121	6
0901200012121	6
0901200012193	2
0901200012193	2
0901200012206	2
0901200012206	2
0901200012441	4
0901200012441	4
0901200262297	2
0901200262297	2
0901200271763	2
0901200271763	2
0901200271778	4
0901200271778	4
0901200271797	10
0901200271797	10
090120027180A	2
090120027180A	2
0901200272028	2
0901200272028	2
0901200272032	16
0901200272032	16
090121227	4
090121227	4
090121231	2
090121231	2
090121246	4
090121246	4
090121250	2
090121250	2
0901300010029	12
0901300010029	12
0901300010033	2
0901300010033	2
0901300010052	8
0901300010052	8
0901300010067	2
0901300010067	2
0901300010086	2
0901300010086	2
0901300010090	2
0901300010090	2
0901300010137	4
0901300010137	4
0901300010160	12
0901300010160	12
0901300010175	2
0901300010175	2
090130001018A	2
090130001018A	2
0901300010207	2
0901300010207	2
0901300010211	2
0901300010211	2
0901300010279	2
0901300010279	2
0901300010283	6
0901300010283	6
0901300010298	8
0901300010298	8
090130001032A	2
090130001032A	2
0901300010334	14
0901300010334	14
0901300010368	2
0901300010368	2
0901300010372	2
0901300010372	2
0901300010391	2
0901300010391	2
0901300010419	6
0901300010419	6
0901300010423	2
0901300010423	2
0901300010461	6
0901300010461	6
0901300010527	2
0901300010527	2
0901300010550	2
0901300010550	2
0901300010565	6
0901300010565	6
090130001057A	2
090130001057A	2
0901300010599	4
0901300010599	4
0901300010601	2
0901300010601	2
0901300010692	2
0901300010692	2
0901300010832	2
0901300010832	2
0901300010847	2
0901300010847	2
0901300011027	6
0901300011027	6
0901300011031	2
0901300011031	2
090130001107A	2
090130001107A	2
0901300011135	2
0901300011135	2
0901300011154	26
0901300011154	26
0901300011169	2
0901300011169	2
0901300011188	2
0901300011188	2
0901300011192	2
0901300011192	2
0901300011239	2
0901300011239	2
0901300011243	2
0901300011243	2
0901300011277	2
0901300011277	2
0901300011313	4
0901300011313	4
0901300011366	4
0901300011366	4
0901300011370	4
0901300011370	4
0901300011417	2
0901300011417	2
0901300011421	2
0901300011421	2
0901400010011	4
0901400010011	4
0901400010026	4
0901400010026	4
0901400010030	6
0901400010030	6
090140001005A	6
090140001005A	6
0901400010079	2
0901400010079	2
0901400010083	2
0901400010083	2
0901400010100	2
0901400010100	2
0901400010115	4
0901400010115	4
090140001012A	4
090140001012A	4
0901400010134	8
0901400010134	8
0901400010149	8
0901400010149	8
0901400010153	6
0901400010153	6
0901400010168	2
0901400010168	2
0901400010172	4
0901400010172	4
0901400010187	2
0901400010187	2
0901400010219	4
0901400010219	4
0901400010223	6
0901400010223	6
0901400010238	2
0901400010238	2
0901400010242	4
0901400010242	4
0901400010257	4
0901400010257	4
0901400010276	2
0901400010276	2
0901400010280	6
0901400010280	6
0901400010295	2
0901400010295	2
0901400010331	2
0901400010331	2
0901400010346	2
0901400010346	2
0901400010350	4
0901400010350	4
090140001037A	2
090140001037A	2
0901400010399	6
0901400010399	6
0901400010401	2
0901400010401	2
0901400010416	2
0901400010416	2
0901400010420	8
0901400010420	8
0901400010435	6
0901400010435	6
090140001044A	6
090140001044A	6
0901400010473	6
0901400010473	6
0901400010505	6
0901400010505	6
090140001051A	2
090140001051A	2
0901400010524	2
0901400010524	2
0901400010539	2
0901400010539	2
0901400010577	6
0901400010577	6
0901400010581	2
0901400010581	2
0901400010596	2
0901400010596	2
0901400010613	8
0901400010613	8
0901400010628	12
0901400010628	12
0901400010632	14
0901400010632	14
0901400010647	4
0901400010647	4
0901400010651	8
0901400010651	8
0901400010666	10
0901400010666	10
0901400010685	4
0901400010685	4
0901400010717	4
0901400010717	4
0901400010736	8
0901400010736	8
0901400010740	8
0901400010740	8
0901400010755	4
0901400010755	4
090140001076A	12
090140001076A	12
0901400010774	14
0901400010774	14
0901400010789	4
0901400010789	4
0901400010793	4
0901400010793	4
0901400010806	2
0901400010806	2
0901400010825	2
0901400010825	2
090140001083A	2
090140001083A	2
0901400010844	2
0901400010844	2
0901400010859	4
0901400010859	4
0901400010863	12
0901400010863	12
0901400010878	6
0901400010878	6
090140001090A	8
090140001090A	8
0901400010914	4
0901400010914	4
0901400010929	2
0901400010929	2
0901400010933	2
0901400010933	2
0901400010948	4
0901400010948	4
0901400010952	2
0901400010952	2
0901400010971	6
0901400010971	6
0901400010986	14
0901400010986	14
0901400010990	8
0901400010990	8
0901400011005	34
0901400011005	34
0901400011024	2
0901400011024	2
0901500010019	2
0901500010019	2
0901500010023	4
0901500010023	4
0901500010042	12
0901500010042	12
0901500010057	6
0901500010057	6
0901500010076	4
0901500010076	4
0901500010080	4
0901500010080	4
0901500010095	2
0901500010095	2
0901500010112	2
0901500010112	2
0901500010127	2
0901500010127	2
0901500010165	4
0901500010165	4
0901500010199	2
0901500010199	2
0901500010201	2
0901500010201	2
0901500010273	2
0901500010273	2
0901500010324	2
0901500010324	2
0901500010339	4
0901500010339	4
0901500010343	2
0901500010343	2
0901500010358	2
0901500010358	2
0901500010381	2
0901500010381	2
0901500010409	2
0901500010409	2
0901500010466	2
0901500010466	2
0901500010470	4
0901500010470	4
0901500010485	10
0901500010485	10
090150001049A	2
090150001049A	2
0901500010502	4
0901500010502	4
0901500010536	2
0901500010536	2
0901500010540	6
0901500010540	6
090150001056A	2
090150001056A	2
0901500010574	8
0901500010574	8
0901500010593	2
0901500010593	2
0901500010606	4
0901500010606	4
0901500010610	6
0901500010610	6
0901500010625	4
0901500010625	4
090150001063A	8
090150001063A	8
0901500010644	8
0901500010644	8
0901500010663	4
0901500010663	4
0901500010678	6
0901500010678	6
0901500010682	6
0901500010682	6
0901500010697	2
0901500010697	2
090150001070A	4
090150001070A	4
0901500010714	4
0901500010714	4
0901500010733	4
0901500010733	4
0901500010752	2
0901500010752	2
0901500010767	4
0901500010767	4
0901500010771	2
0901500010771	2
0901500010790	2
0901500010790	2
0901500010803	6
0901500010803	6
0901500010818	2
0901500010818	2
0901500010822	6
0901500010822	6
0901500010841	8
0901500010841	8
0901500010856	2
0901500010856	2
0901500010860	4
0901500010860	4
0901500010875	18
0901500010875	18
090150001088A	2
090150001088A	2
0901500010894	2
0901500010894	2
0901500010911	8
0901500010911	8
0901500010926	6
0901500010926	6
0901500010945	4
0901500010945	4
090150001095A	4
090150001095A	4
0901500010983	2
0901500010983	2
0901500010998	8
0901500010998	8
0901500011002	12
0901500011002	12
0901500011017	4
0901500011017	4
0901500011036	12
0901500011036	12
0901500011040	4
0901500011040	4
0901500011055	8
0901500011055	8
0901500011074	6
0901500011074	6
0901500011093	4
0901500011093	4
0901500011110	6
0901500011110	6
0901500011125	6
0901500011125	6
090150001113A	6
090150001113A	6
0901500011144	2
0901500011144	2
0901500011159	6
0901500011159	6
0901500011163	4
0901500011163	4
0901500011178	2
0901500011178	2
0901500011182	4
0901500011182	4
0901500011197	6
0901500011197	6
090150001120A	2
090150001120A	2
0901500011214	8
0901500011214	8
0901500011229	8
0901500011229	8
0901500011233	4
0901500011233	4
0901500011267	4
0901500011267	4
0901500011271	2
0901500011271	2
0901500011286	2
0901500011286	2
0901500011303	4
0901500011303	4
0901500011318	2
0901500011318	2
0901500011322	4
0901500011322	4
0901500011341	6
0901500011341	6
0901500011356	10
0901500011356	10
0901500011360	2
0901500011360	2
090150001138A	2
090150001138A	2
0901500011411	2
0901500011411	2
0901500011426	8
0901500011426	8
090150001145A	4
090150001145A	4
0901500011464	4
0901500011464	4
0901500011479	2
0901500011479	2
0901500011483	4
0901500011483	4
0901500011498	4
0901500011498	4
0901500011500	4
0901500011500	4
0901500011515	6
0901500011515	6
090150001152A	6
090150001152A	6
0901500011549	2
0901500011549	2
090160001004A	4
090160001004A	4
0901600010073	2
0901600010073	2
0901600010088	4
0901600010088	4
0901600010105	4
0901600010105	4
090160001011A	2
090160001011A	2
0901600010139	4
0901600010139	4
0901600010143	2
0901600010143	2
0901600010158	4
0901600010158	4
0901600010177	6
0901600010177	6
0901600010213	4
0901600010213	4
0901600010232	2
0901600010232	2
0901600010247	2
0901600010247	2
090160001029A	4
090160001029A	4
0901600010302	2
0901600010302	2
0901600010321	2
0901600010321	2
0901600010340	2
0901600010340	2
0901600010389	4
0901600010389	4
0901600010393	8
0901600010393	8
0901600010425	2
0901600010425	2
0901600010444	2
0901600010444	2
0901600010459	4
0901600010459	4
0901600010478	2
0901600010478	2
0901600010497	2
0901600010497	2
090160001050A	4
090160001050A	4
0901600010514	4
0901600010514	4
0901600010533	2
0901600010533	2
0901600010571	2
0901600010571	2
0901600010641	2
0901600010641	2
0901600010656	6
0901600010656	6
0901600010660	4
0901600010660	4
0901600010675	2
0901600010675	2
0901600010694	4
0901600010694	4
0901600010707	2
0901600010707	2
0901600010711	4
0901600010711	4
090160001075A	2
090160001075A	2
0901600010764	2
0901600010764	2
0901600010779	4
0901600010779	4
0901600010783	8
0901600010783	8
0901600010798	16
0901600010798	16
0901600010891	4
0901600010891	4
0901600010904	2
0901600010904	2
0901600010923	6
0901600010923	6
0901600010942	2
0901600010942	2
0901600011014	4
0901600011014	4
0901600011029	6
0901600011029	6
0901600011033	2
0901600011033	2
0901600011052	2
0901600011052	2
0901600011067	2
0901600011067	2
0901600011118	2
0901600011118	2
0901600011156	2
0901600011156	2
0901600011160	2
0901600011160	2
090160001118A	4
090160001118A	4
0901600011245	2
0901600011245	2
090160001125A	2
090160001125A	2
0901600011264	8
0901600011264	8
0901600011283	2
0901600011283	2
0901600011300	10
0901600011300	10
0901700010028	2
0901700010028	2
0901700010047	2
0901700010047	2
0901700010102	2
0901700010102	2
0901700010117	6
0901700010117	6
0901700010121	4
0901700010121	4
0901700010136	2
0901700010136	2
0901700010140	10
0901700010140	10
0901700010155	2
0901700010155	2
0901700010189	2
0901700010189	2
0901700010193	2
0901700010193	2
0901700010206	6
0901700010206	6
0901700010210	4
0901700010210	4
0901700010244	2
0901700010244	2
090170001030A	4
090170001030A	4
0901700010314	2
0901700010314	2
0901700010329	6
0901700010329	6
0901700010371	2
0901700010371	2
0901700010418	4
0901700010418	4
0901700010441	4
0901700010441	4
0901700010460	2
0901700010460	2
0901700010494	4
0901700010494	4
0901700010545	4
0901700010545	4
090170001055A	2
090170001055A	2
0901700010583	2
0901700010583	2
0901700010600	2
0901700010600	2
0901700010653	6
0901700010653	6
0901700010668	2
0901700010668	2
0901700010672	6
0901700010672	6
0901700010704	2
0901700010704	2
0901700010723	2
0901700010723	2
0901700010780	2
0901700010780	2
0901700010795	2
0901700010795	2
0901700010827	4
0901700010827	4
0901700010831	2
0901700010831	2
0901700010846	2
0901700010846	2
0901700010865	4
0901700010865	4
0901700010884	2
0901700010884	2
0901700010899	2
0901700010899	2
0901700010901	2
0901700010901	2
0901700011030	4
0901700011030	4
090170001105A	4
090170001105A	4
0901700011083	4
0901700011083	4
0901700011168	2
0901700011168	2
0901700011238	2
0901700011238	2
0901700011242	4
0901700011242	4
0901700011257	2
0901700011257	2
0901700011276	2
0901700011276	2
0901700011308	6
0901700011308	6
0901700011327	2
0901700011327	2
0901700011331	2
0901700011331	2
0901700011346	2
0901700011346	2
0901700011365	2
0901700011365	2
0901700011384	2
0901700011384	2
0901700011416	4
0901700011416	4
0901000012254	NA
0900700010958	NA
0900700011443	NA
0900700014556	NA
0900700015728	NA
0901100111037	NA
090070001561A	NA
0900700014594	NA
0900700011655	NA
0900700011301	NA
0901200010360	NA
0901400010469	NA
0901300011474	NA
0901400010702	NA
0901200011570	NA
0901300010315	NA
0901300010300	NA
0901300010688	NA
090130001114A	NA
0901200011636	NA
0901000012358	NA
0901100011465	NA
0901100010113	NA
0901200010125	NA
0901000011913	NA
090110001065A	NA
0901000010101	NA
0901100010645	NA
0901000010949	NA
0901000010563	NA
0901100010096	NA
0901000012184	NA
0901000012146	NA
0901000010510	NA
0901000010188	NA
0901000010578	NA
0901100010448	NA
0901000012112	NA
0901000010313	NA
0901100011499	NA
0901000012220	NA
0900700015319	NA
0900600011183	NA
0900700010233	NA
0900700015802	NA
0900700013628	NA
0901000010898	NA
0900600010310	NA
0900700014147	NA
0900700013825	NA
0901000011843	NA
0901000010703	NA
090100001181A	NA
0901100010679	NA
0901100011412	NA
090100001110A	NA
0901000011487	NA
0901000010845	NA
090110001147A	NA
0901000010741	NA
0901000011218	NA
0901000012080	NA
0901100010823	NA
0901000010313	NA
0901000012235	NA
090070001006A	NA
0900900010308	NA
0900700014537	NA
0900700013276	NA
0900700010888	NA
0900700013153	NA
0900700013242	NA
0900700010572	NA
0900700014448	NA
0900700013755	NA
0900700011299	NA
0900700014077	NA
0900700013149	NA
0900700011918	NA
0900300010520	NA
0900700015520	NA
0900700010093	NA
0901200011513	NA
0900300011181	NA
0900400010250	NA
0900800010404	NA
0901000012254	NA
0900300010978	NA
0900200010114	NA
090050001306A	NA
0900700013558	NA
0900700015677	NA
0900700013971	NA
0900903000632	NA
0900800010160	NA
0900300011285	NA
090070001472A	NA
0900800010207	NA
0901600010482	NA
090020001074A	NA
0900500013178	NA
0901600010463	NA
0901500010659	NA
0900200010699	NA
0901200010765	NA
0901200272422	NA
0901200261710	NA
0900700011706	NA
0901200262390	NA
0900600010537	NA
090120001216A	NA
0901000010718	NA
0900700014946	NA
0900700014109	NA
0901300011328	NA
0901300011525	NA
0900200010237	NA
0900600010077	NA
0900500012095	NA
0900500010188	NA
0900600011075	NA
0900500011218	NA
0900300010821	NA
090020001099A	NA
090130001089A	NA
0900600010486	NA
0900500012184	NA
0900500012767	NA
0901300010226	NA
0901700010507	NA
0901300011065	NA
0901300011385	NA
0901200010318	NA
0901200010604	NA
0901100241520	NA
0901000011519	NA
090150001017A	NA
0901200010750	NA
090050001263A	NA
0901600010919	NA
0900500011627	NA
0900500010027	NA
0900500012305	NA
0900500010366	NA
0901600011368	NA
0901500011394	NA
0901700010278	NA
0901600011207	NA
0901700010348	NA
0901500010413	NA
0901700010916	NA
0901700010051	NA
0901700010511	NA
090110471	NA
0901200010939	NA
090130001146A	NA
0901300011436	NA
090120027230A	NA
0901200262390	NA
0900500010811	NA
0900700014946	NA
0900600010768	NA
0900500011788	NA
0900600010804	NA
0900600011056	NA
0901300011309	NA
0900300011016	NA
0900200010133	NA
0900300011302	NA
0900200010487	NA
0900200010275	NA
0900600010626	NA
0900600010486	NA
090040001027A	NA
0901700011011	NA
0900600010289	NA
0900500011059	NA
0900500012451	NA
0900500012678	NA
0900500010027	NA
0900600010895	NA
0900500013322	NA
0900500011330	NA
0900500012803	NA
0900600010804	NA
090060001065A	NA
0900500012606	NA
0901600011368	NA
0901600010548	NA
0901500010748	NA
0900300011730	NA
0901700010348	NA
0901700011435	NA
090110471	NA
0900300010520	NA
0900500011754	NA
0900300011143	NA
0900200010561	NA
0900800010029	NA
0900300010446	NA
0900200010909	NA
0900700011123	NA
0900700013562	NA
090020001117A	NA
0900900360223	NA
0900900240204	NA
0900300011764	NA
0900800010334	NA
090170001048A	NA
090170001087A	NA
0900200010843	NA
0901700010456	NA
0900800010014	NA
0900900240204	NA
0901700010579	NA
0901500010396	NA
0900400010299	NA
0900400010104	NA
0901500010108	NA
090170001112A	NA
0900700014310	NA
090070001337A	NA
0901100211018	NA
0901100010274	NA
090050001338A	NA
0900200010896	NA
0900700011693	NA
0901200012174	NA
0900700015361	NA
0900300010408	NA
0900300010361	NA
0900500012057	NA
090060001072A	NA
0900700014096	NA
0900500011951	NA
0900600010927	NA
0901500010108	NA
0900300011529	NA
0900400010392	NA
0900600010664	NA
0900300011586	NA
0901600010957	NA
0900903000647	NA
0900700011496	NA
0900300010484	NA
0900300011393	NA
0901000011557	NA
0901000011627	NA
0900300010889	NA
0900901520628	NA
0901000010332	NA
0900300011656	NA
0900300011355	NA
090080001025A	NA
0901700010456	NA
0901600010622	NA
0901600010590	NA
090160001100A	NA
0901500010517	NA
0901500010521	NA
0901200011744	NA
0901200011462	NA
0900200010260	NA
0900500013356	NA
0900600010217	NA
0900500012837	NA
0901700010475	NA
0901000012292	NA
0901600011211	NA
0901700010352	NA
0901700011420	NA
0901700010367	NA
0901300011563	NA
0901300011578	NA
0901400010454	NA
0901400010670	NA
0901200262418	NA
0901400010492	NA
0901400010098	NA
0901300011440	NA
0901400010045	NA
0901100011291	NA
0901200012051	NA
0901200010229	NA
0901100010946	NA
0900700011299	NA
0901100241408	NA
0901100240734	NA
0901200010731	NA
0901100010433	NA
0901300010885	NA
0901100010927	NA
0900700010290	NA
0901000010489	NA
0901100211516	NA
0901000011858	NA
0900300010357	NA
0901000011773	NA
0901700011134	NA
0901700011115	NA
0901500011248	NA
0900700015639	NA
0900500011631	NA
0900500011398	NA
0900500013341	NA
0900500010915	NA
0900500011114	NA
0900500011792	NA
0900500012803	NA
0901300010885	NA
090060001065A	NA
0901700010935	NA
090150001106A	NA
0901500010748	NA
0901100011287	NA
0900700013346	NA
0900700015380	NA
0900600010344	NA
0900700012969	NA
0900700013242	NA
0900600010096	NA
0900700015751	NA
0900700014452	NA
090070001522A	NA
0900700014448	NA
0900700013755	NA
0901200010498	NA
0900700015588	NA
0900700011994	NA
0900700015732	NA
0900700015323	NA
0900700014202	NA
0900700011759	NA
0900500011913	NA
0901000010737	NA
090140001101A	NA
0901300011120	NA
0901400010469	NA
0900500010667	NA
0901300011347	NA
0901400010670	NA
0901400010098	NA
0901000011792	NA
090130001114A	NA
0901200012051	NA
090120001091A	NA
0901300010442	NA
0901000012339	NA
0901100010043	NA
0901000010351	NA
0901100010113	NA
0901200012225	NA
0901000010760	NA
0901000010633	NA
0901300011510	NA
0901000010794	NA
0901000011913	NA
090100001021A	NA
090120001223A	NA
0901000012184	NA
0901000010510	NA
0901000011932	NA
0901100010058	NA
0901000010012	NA
0900700013492	NA
090090011051A	NA
0900700014575	NA
0900700015287	NA
0900700015338	NA
0901200012155	NA
0901000011078	NA
0900700010407	NA
0900700015802	NA
0900700012795	NA
0900700012174	NA
0900600010698	NA
0900600010043	NA
090070001561A	NA
0900700011369	NA
0901200011640	NA
0900700014113	NA
0900700015376	NA
0900700013083	NA
0900700011975	NA
0900700013632	NA
090070001465A	NA
0900700015323	NA
0901200010765	NA
0901200261689	NA
0901200010591	NA
0901200012174	NA
0901200010163	NA
090120001173A	NA
0900300010408	NA
0900500012659	NA
0900500013360	NA
090020001099A	NA
0900500012502	NA
090120001198A	NA
090030001136A	NA
0901700010969	NA
0900200010294	NA
0900500010991	NA
0900300011270	NA
0900400010250	NA
0900300010588	NA
0900200011004	NA
0900500012235	NA
0900500010332	NA
0900600010109	NA
0900901520628	NA
0901700010530	NA
0900300011321	NA
0900800010298	NA
0900700014912	NA
0900900330350	NA
0900700015111	NA
0901700010757	NA
0901100010768	NA
090150001024A	NA
0901700010066	NA
090170001009A	NA
0901200011941	NA
0901700010070	NA
0901400010191	NA
0901400010365	NA
0901300010194	NA
0901200012013	NA
0901300011084	NA
090130001139A	NA
0901000011364	NA
0901300010122	NA
0901000012339	NA
0901200012348	NA
0900500010366	NA
0901100010950	NA
0901100010255	NA
0901200011034	NA
0901100011304	NA
0901000011190	NA
0901000010845	NA
0901000011839	NA
090100001181A	NA
0900600011126	NA
090090011051A	NA
0900700015200	NA
0900900010492	NA
0901500011337	NA
0900900010505	NA
0900700014522	NA
0900700012973	NA
0900700015342	NA
0900800010300	NA
0900700013863	NA
0900700013789	NA
0901000011557	NA
0900500012269	NA
0900700010197	NA
0900600010645	NA
0900700013238	NA
0900700012831	NA
0900700011369	NA
0900700012140	NA
0900700014077	NA
0900700014293	NA
0900700012634	NA
0900700014217	NA
0900700015450	NA
0900700015018	NA
0901500010786	NA
0901700010278	NA
0900500012112	NA
0900500012466	NA
0900500011542	NA
0900400010373	NA
0900500011330	NA
0900500012837	NA
0901700011505	NA
090050001313A	NA
0900500013430	NA
0900600010503	NA
0900500013229	NA
0901700011153	NA
0900500012470	NA
0901700010403	NA
0901700010526	NA
0900500012042	NA
0900800010546	NA
0900700015357	NA
0900500011237	NA
0900800010137	NA
0901200010267	NA
0900700011388	NA
0901200010159	NA
0901200011123	NA
0900600010715	NA
090060001072A	NA
0900500010949	NA
0900500011932	NA
0900200010631	NA
0900500013178	NA
0900500010385	NA
0900700014857	NA
0900500012080	NA
090130001025A	NA
0901100010202	NA
0901000011858	NA
0901000011186	NA
0901000011699	NA
0901000010205	NA
0901200010483	NA
0901100010306	NA
0900900170399	NA
090060001033A	NA
0900700015037	NA
0900600011037	NA
0900700014683	NA
0900700015179	NA
0900700012884	NA
0900900170365	NA
0900700010252	NA
0900700012901	NA
0900700014289	NA
090070001294A	NA
0900700015018	NA
0901300011046	NA
0901300011440	NA
0901300010245	NA
0900800010495	NA
0900700013647	NA
0901000011805	NA
0901300010438	NA
0901200010727	NA
0901200011439	NA
0901100241408	NA
0901100010147	NA
0901100010753	NA
090100001231A	NA
0901100010927	NA
090070001376A	NA
0901000010614	NA
0900700013844	NA
0901200192460	NA
0901100211516	NA
0901200011903	NA
0901300011173	NA
0900600010683	NA
0900500010900	NA
0900300011302	NA
0900500012625	NA
0900200010203	NA
0900300010802	NA
0900200010792	NA
0901700010992	NA
0900500013426	NA
0900500010135	NA
090050001288A	NA
0901500010362	NA
0900200010576	NA
0900900240651	NA
0900300011764	NA
0900400010138	NA
0900900290609	NA
0901200011049	NA
0900200010398	NA
0900200010400	NA
0901500010216	NA
0901500010451	NA
0901500010362	NA
0901500010930	NA
0901500010292	NA
0901700011115	NA
090050001263A	NA
0901300011328	NA
0900500013445	NA
0901300011578	NA
0900500013163	NA
090170001016A	NA
0901000012019	NA
090130001089A	NA
0901700010687	NA
0901700010988	NA
0901500010413	NA
0901500011445	NA
0901600010938	NA
0901700010507	NA
0901700011280	NA
0901700011219	NA
0900200010932	NA
090050001306A	NA
0901000011561	NA
0900700015910	NA
0900700010178	NA
0900700015249	NA
0900700015130	NA
0900700011778	NA
090170001137A	NA
0901700011187	NA
0901700011007	NA
0901700010954	NA
0901600011137	NA
0901600010181	NA
0901700011098	NA
0901500010729	NA
0901500010517	NA
0901500010521	NA
0901300010508	NA
0901200010816	NA
0901200010106	NA
0901200012278	NA
090120027230A	NA
0901200262329	NA
0901300010828	NA
0900200010218	NA
0900500011203	NA
0900500010099	NA
0900500013125	NA
0900200010631	NA
0900500011078	NA
0900200010491	NA
0900500010474	NA
090050001295A	NA
0900500012080	NA
0900300011552	NA
0900500012220	NA
0900700015126	NA
0900200011150	NA
0900901520613	NA
0900900290473	NA
0900700013717	NA
0900700015249	NA
0900700014679	NA
0900700012371	NA
0900700011778	NA
090020001028A	NA
0900700014024	NA
0901000010328	NA
0900400010104	NA
090040001027A	NA
0900900240651	NA
090170001087A	NA
0901700010263	NA
0900300011656	NA
0901000010277	NA
0901700011223	NA
090160001082A	NA
0901500010432	NA
090160001043A	NA
090170001112A	NA
0900700011693	NA
090120026166A	NA
0901300010828	NA
0900300010361	NA
0900500013322	NA
0901700011469	NA
090060001019A	NA
0900500013248	NA
090050001174A	NA
0901000012131	NA
0901200011053	NA
0900200011038	NA
0900300011548	NA
0900300010840	NA
0900600010664	NA
0900400200388	NA
0900300011533	NA
0900300010304	NA
0900300011590	NA
0900200010222	NA
0900500013074	NA
0900400010123	NA
0900700011316	NA
0900900290454	NA
0900800010103	NA
0901100010185	NA
0901000010440	NA
0900700013558	NA
0901000011970	NA
0901000011716	NA
0900700010360	NA
090040001034A	NA
0901700011204	NA
0901600010336	NA
0901600010995	NA
0901700010530	NA
0900700012371	NA
0900200010557	NA
0901700011149	NA
0900800010461	NA
0900700014024	NA
0901700010390	NA
0900700012672	NA
0900200010186	NA
0900200010699	NA
0901300010870	NA
0901400010312	NA
0901000010046	NA
0901000011364	NA
090130001071A	NA
0901100240734	NA
0900800010156	NA
0901100010607	NA
090100001078A	NA
0901000012305	NA
0901000010101	NA
090110001108A	NA
0901000012004	NA
0901100010575	NA
0901000010370	NA
0901000010027	NA
0901100010448	NA
0901000010258	NA
0900600011126	NA
0900700014325	NA
0900700014842	NA
0900700013346	NA
090070001305A	NA
0900700014429	NA
0900700015747	NA
0900700014452	NA
0900700015592	NA
0900700012812	NA
0900600010471	NA
0900700015893	NA
0900700012850	NA
0900700015450	NA
0901300011402	NA
0901300011046	NA
0901400010312	NA
0901300011224	NA
0901200010144	NA
0901000011650	NA
0901100010753	NA
0901000010807	NA
090110001026A	NA
0901300010743	NA
0901300011510	NA
0901000011928	NA
0901000012112	NA
0901300010404	NA
0901100010170	NA
0901100010819	NA
0901200012333	NA
0901000011203	NA
0901200010568	NA
0901000011487	NA
090050001231A	NA
0900500012466	NA
0900500011631	NA
0900500010671	NA
0900600010128	NA
090050001014A	NA
0900600011183	NA
0900600011111	NA
0900600010429	NA
0900500012381	NA
0900500012305	NA
0900700012653	NA
0900500011307	NA
0900500012822	NA
0900500013430	NA
0901000010277	NA
0900600010448	NA
0901700011295	NA
0901600010815	NA
0901700011524	NA
0901700011079	NA
0901600011353	NA
0901700010812	NA
0901700010634	NA
0901700010598	NA
090130635	NA
0900500012894	NA
0900500011928	NA
090090115	NA
090130620	NA
0900500012150	NA
0900600010378	NA
0901000012095	NA
0901700010437	NA
0901600010069	NA
0901600010976	NA
0901600010730	NA
0901600010980	NA
0901600010872	NA
0901600011141	NA
0901600010054	NA
0901200010483	NA
0901000010544	NA
090100001199A	NA
0901000011754	NA
0901100010344	NA
0901100010058	NA
0900900170558	NA
0900700014838	NA
0900900010308	NA
0900700010816	NA
0900700015395	NA
0900700014768	NA
0900700013505	NA
0900700010144	NA
0900700015658	NA
0900700012051	NA
0900700011250	NA
0900700010106	NA
0900700014895	NA
0900700011566	NA
0900700012812	NA
0901300010813	NA
090100001103A	NA
0901400010543	NA
0901400010558	NA
0901000010239	NA
0901200010178	NA
0901300011525	NA
0901300010438	NA
0901200011439	NA
0901100010147	NA
0901300011332	NA
0901100011380	NA
0900600011200	NA
0901200010854	NA
090070001593A	NA
090110011072A	NA
090110001154A	NA
0900900110401	NA
090100001021A	NA
0901100011075	NA
0901000011631	NA
0901000010262	NA
0900600011164	NA
0900900240219	NA
0901000012038	NA
0900900010562	NA
090070001006A	NA
090070001091A	NA
0900700012511	NA
0900700013134	NA
0900700015287	NA
0900700012437	NA
0900700014698	NA
090070001508A	NA
0900700010479	NA
0900700013581	NA
0900700010252	NA
0900700015592	NA
0901000011542	NA
0900600010471	NA
090070001579A	NA
090070001383A	NA
0900700013632	NA
090070001294A	NA
0901400010454	NA
0901400010365	NA
0901400010045	NA
0901300010851	NA
0901300010688	NA
0901100011338	NA
0900700010303	NA
0901000010686	NA
090110001065A	NA
0901100011535	NA
0901200261528	NA
0901100111037	NA
0901200011176	NA
0901000011044	NA
0901000012381	NA
0901000011839	NA
0901100011075	NA
0901000012108	NA
0901100011287	NA
0900600011200	NA
0900900110543	NA
0900900110420	NA
0900700015200	NA
0900700015041	NA
0900700012973	NA
0900700015342	NA
0900700015840	NA
0900700012437	NA
0900700014895	NA
0900700011443	NA
0900700015643	NA
0900700015785	NA
0900700013238	NA
0900700014467	NA
0900700015145	NA
0900700014147	NA
0900700015501	NA
0901200262403	NA
0901200010197	NA
0900500011152	NA
0900700012102	NA
0900500013286	NA
0901600011279	NA
0900500011788	NA
0900500010949	NA
0900500013248	NA
0900500012428	NA
0900500010506	NA
0900500010807	NA
0900500011186	NA
0900500012536	NA
0900300011533	NA
0900500010169	NA
0900500013197	NA
0900200010222	NA
0900500012235	NA
0900700011316	NA
0900700010178	NA
0900700010587	NA
0900700013596	NA
0900900330350	NA
090170001048A	NA
0900200010383	NA
0901700011007	NA
0901700010954	NA
0901700010757	NA
0901600011137	NA
090170001023A	NA
0901600010181	NA
0901600010270	NA
0900200010557	NA
0901700010691	NA
0901700010282	NA
090150001024A	NA
0901600010162	NA
0901500010220	NA
0901500010235	NA
0901100211018	NA
0901100010359	NA
0900700015361	NA
0901000010718	NA
0900700015573	NA
0900200010330	NA
0900500012095	NA
0900500011364	NA
0900500010900	NA
0900500010188	NA
0900200010909	NA
0900200011061	NA
0900300010639	NA
0900300011162	NA
090030001093A	NA
0900200010612	NA
090030001054A	NA
0900500011877	NA
0901500011337	NA
0900500012767	NA
0900300011181	NA
0900200010913	NA
0900200011150	NA
0900700014058	NA
0900400010138	NA
0900300011355	NA
0900700013967	NA
0901600010622	NA
0900200011131	NA
0901600011334	NA
0901700010174	NA
0901500010377	NA
0901400010810	NA
0901500010447	NA
0901500010428	NA
0901700011492	NA
0900500012930	NA
0901500010837	NA
0901500010555	NA
0900600010289	NA
0900500013356	NA
0900500011059	NA
0900500012339	NA
0900500012451	NA
0900600010109	NA
0900500012983	NA
0900500011684	NA
0900600011022	NA
0901000010296	NA
0901500010979	NA
0900500012574	NA
0901500011407	NA
0901700010422	NA
0901500011252	NA
0900500011449	NA
0900500012606	NA
0901600010637	NA
0901600010124	NA
0901600010868	NA
0901600011103	NA
0901600011122	NA
0901000011523	NA
090110838	NA
090040335	NA
0901700011492	NA
0901500011106	NA
0901500010061	NA
0901400010721	NA
0900500012112	NA
0900600011094	NA
0901600010552	NA
0900500013394	NA
0900600011003	NA
0900500012339	NA
0900700010962	NA
0901600010976	NA
0901700010738	NA
0901600011175	NA
0901200010996	NA
0901200011299	NA
0900700013897	NA
0901200012278	NA
0900600010698	NA
0900700015785	NA
0900700012899	NA
0900700014151	NA
090070001433A	NA
0900700014359	NA
0900700010337	NA
0900700010356	NA
0900700015520	NA
0901400010488	NA
0901300010724	NA
0901300010014	NA
0901300010758	NA
0901100241183	NA
0901200012352	NA
0901000010351	NA
0901000010686	NA
090100001078A	NA
0901100011395	NA
0901000012305	NA
0901200010303	NA
0901500010220	NA
0901200012367	NA
0901100011412	NA
0901000012042	NA
0901000010027	NA
0901000011218	NA
0901000011699	NA
0901000012108	NA
0900700015126	NA
0901000010012	NA
0901100010166	NA
090100001224A	NA
0900700014274	NA
0900700014575	NA
0900700014537	NA
0900700012723	NA
0900600011037	NA
0900700014039	NA
0900600010081	NA
090090017037A	NA
0900700010229	NA
0900700015874	NA
0900700014113	NA
0900700012780	NA
0900700011975	NA
0900700012579	NA
0900700011814	NA
0900700010093	NA
0900700015304	NA
0901000010597	NA
0901200010568	NA
0901100010626	NA
0901000010188	NA
0900700014791	NA
0900700013810	NA
0900700013420	NA
0900700015319	NA
090070001522A	NA
0900700010816	NA
0900700014768	NA
0900700013030	NA
0900700013863	NA
0900700014556	NA
0900700012969	NA
0900700015658	NA
0900700014039	NA
0900600010081	NA
0900700015817	NA
0900700014611	NA
0900700015728	NA
0900700015874	NA
0900700015855	NA
0900700014645	NA
0901200261674	NA
090070001209A	NA
0900700013134	NA
0900700013825	NA
0900700012070	NA
0900700011284	NA
0900700014202	NA
0900400010320	NA
0900300011247	NA
0900500011754	NA
0900200010913	NA
0900200010932	NA
0901300011559	NA
0900300011482	NA
0900300011321	NA
0900300010662	NA
0901000012057	NA
0900300011497	NA
0900200011146	NA
0900900360223	NA
0900800010298	NA
0900700012386	NA
0901200192475	NA
0900700014912	NA
0900700012988	NA
0900800010461	NA
0900500011241	NA
0901600010336	NA
0901700011187	NA
0901500010131	NA
0901600011071	NA
0901100111041	NA
0901200011176	NA
0901700010066	NA
0901600010745	NA
0901200271782	NA
0901300011436	NA
090050001224A	NA
0900500010953	NA
0900500013337	NA
0900500010614	NA
090110011072A	NA
090060001108A	NA
0900600010946	NA
090050001181A	NA
0901200271782	NA
0900200010805	NA
0900300010376	NA
0901200011462	NA
0900500012964	NA
0901400010488	NA
0901400010562	NA
0901300011296	NA
0901300011544	NA
0901300010866	NA
0901100010289	NA
0901000010239	NA
0901300010387	NA
0901000010493	NA
090100001103A	NA
0901000010900	NA
0901100011395	NA
0901000012377	NA
0901200010854	NA
0901100010170	NA
0900500013093	NA
0900500011646	NA
090050001110A	NA
0901600010529	NA
0901700011219	NA
0900700011960	NA
0901200010816	NA
0901200011424	NA
0900700012117	NA
0901100211022	NA
0901200012155	NA
090050001338A	NA
0900700011706	NA
0901200011918	NA
0901200010197	NA
0900500013337	NA
0900600010522	NA
0900500012254	NA
0900500013214	NA
0900500010506	NA
0900200010754	NA
0900500011843	NA
0900500010826	NA
0900500010794	NA
0900600011041	NA
0901500010964	NA
0900500011434	NA
0900500013144	NA
0900500011792	NA
0901600010637	NA
0901600010849	NA
0901700011312	NA
0901600010069	NA
0901600011122	NA
0901700011399	NA
0901600010800	NA
0901600010020	NA
090130620	NA
090121829	NA
0900500010328	NA
0900300010573	NA
0900200010114	NA
0900300011779	NA
0900900240191	NA
0900900240596	NA
0900200011184	NA
0900600010170	NA
0900500011379	NA
0900300011285	NA
0901600010618	NA
0901700010649	NA
0901600010463	NA
0901500010150	NA
090160001100A	NA
090160001082A	NA
0901500010235	NA
0900700011388	NA
090120001013A	NA
0900700013401	NA
0900700014306	NA
0900600010768	NA
0900500012470	NA
0901300010758	NA
0900300011162	NA
090030001136A	NA
0900400010373	NA
0900300010588	NA
0900200010928	NA
0900500013074	NA
0900700014058	NA
0900800010175	NA
0900300011779	NA
0900700014414	NA
0901000012324	NA
0901000012216	NA
0900500011379	NA
0900300011340	NA
0900700010591	NA
0901700010742	NA
0901700011473	NA
0901400010261	NA
0900200010843	NA
0901600010603	NA
0900200010171	NA
0901700010225	NA
0901300010851	NA
0901600011048	NA
0901600010374	NA
0901200010229	NA
090060001001A	NA
0900500012150	NA
0901100011431	NA
0901500011407	NA
0901500011430	NA
090150001106A	NA
0901600010887	NA
0901600011141	NA
090101326	NA
0901300010739	NA
0901300010870	NA
0901000011792	NA
0901300010809	NA
0901300011050	NA
090130001121A	NA
0901300011544	NA
0901400010384	NA
0900800010495	NA
0901300011262	NA
0901300010917	NA
0901000010385	NA
090100001110A	NA
0901200010322	NA
0901100241520	NA
090120001091A	NA
0901000012216	NA
0901200010746	NA
0900700011000	NA
0901200011212	NA
0901000010703	NA
0901500011106	NA
090140001101A	NA
0901500011089	NA
0900500010987	NA
0900500011595	NA
090170001016A	NA
0901600010035	NA
0901700011312	NA
0901500010589	NA
0901700011064	NA
0901100210791	NA
0901700010085	NA
090101326	NA
0901100011234	NA
0901000010258	NA
0900900170399	NA
0900700013420	NA
0900700012403	NA
0900700013153	NA
0900700012653	NA
0900700011867	NA
0900700014363	NA
0900700014397	NA
0900700013859	NA
0900600010433	NA
090070001515A	NA
0900700013045	NA
090070001440A	NA
0900700012174	NA
0900900110401	NA
0900700015889	NA
0900700011640	NA
0900500012733	NA
0901500011290	NA
090100001053A	NA
0901200010248	NA
090130001121A	NA
0901300010917	NA
0901100010433	NA
0901000010737	NA
0901100010645	NA
0900700010214	NA
0901100010217	NA
0901300010743	NA
0901100261501	NA
0901000010489	NA
0901300010669	NA
0901100010039	NA
0901200012263	NA
0901100011304	NA
0901000012042	NA
0901100011376	NA
0901000012146	NA
0901000011453	NA
0901200012210	NA
0901100010310	NA
0901000011824	NA
0900900170558	NA
0900700015569	NA
0900700015821	NA
0900900010492	NA
0900700012954	NA
0901000010826	NA
0900600010344	NA
0900500010474	NA
0900700015770	NA
0900700013789	NA
0900600010293	NA
0900700011867	NA
0900700011462	NA
0900600010096	NA
0900700013628	NA
0900700013581	NA
0900700010229	NA
0900700011566	NA
0901000012292	NA
0900700015268	NA
0900700012140	NA
0900700013505	NA
0900700015412	NA
0900600010556	NA
0900700010055	NA
0900700014217	NA
090070001287A	NA
0901200010360	NA
0900700014984	NA
0901200010106	NA
0900700013401	NA
0900700012102	NA
0900500012057	NA
0900500013110	NA
0900500012076	NA
0900300011571	NA
0900400010369	NA
0900200010307	NA
0900500013197	NA
0900200010576	NA
0901500011430	NA
0901000012324	NA
0900300011317	NA
0900700013971	NA
0901500010659	NA
0900500011241	NA
0901700010808	NA
0900200010468	NA
0901700011350	NA
0901700010297	NA
0901500010254	NA
0901600010196	NA
0901000010794	NA
0901500010305	NA
0901100210787	NA
090130001064A	NA
0901300010777	NA
0901300011309	NA
0901400010327	NA
0901300010245	NA
0901100010289	NA
0901200010515	NA
0901000010900	NA
0901100010397	NA
090070001554A	NA
0901200010712	NA
0901100010626	NA
0901200012386	NA
0900700015412	NA
0900700013204	NA
0901100010306	NA
0900900240581	NA
0900700013810	NA
0900900010026	NA
0900700014560	NA
0900700012954	NA
0900700015183	NA
090070001305A	NA
0900700015179	NA
0900700015747	NA
0900600010999	NA
0900700010110	NA
0900700014931	NA
0900700014185	NA
0900700015484	NA
0900700015268	NA
0900700015893	NA
0900700011833	NA
0900700012920	NA
0900700015499	NA
0900700010055	NA
0901200011513	NA
0900500011913	NA
0901500011290	NA
0901500010038	NA
0900600010414	NA
0900500012381	NA
0900500011097	NA
0901600011230	NA
0901700011401	NA
0901700011295	NA
0901700010687	NA
0901600010092	NA
0901700011280	NA
0901700010352	NA
0901700010598	NA
0900700013990	NA
090120001013A	NA
0901300011173	NA
0901300011559	NA
0901200272422	NA
0901200262437	NA
0900300010821	NA
0901200262314	NA
0900600010537	NA
0900500011203	NA
090050001092A	NA
0900500010258	NA
0901700011045	NA
0900500012748	NA
0901200261706	NA
0900500012610	NA
0900500012752	NA
0900500012771	NA
0900300010802	NA
0901200011496	NA
0900300011586	NA
0900500013426	NA
0901000010224	NA
0900903000647	NA
0900700015605	NA
0900500012907	NA
090100001199A	NA
0900900010327	NA
0900700010642	NA
0901000010915	NA
0900900010312	NA
0900700012723	NA
090100001224A	NA
0900700010144	NA
0900700014397	NA
0900700014344	NA
0900700010197	NA
0900700010233	NA
0900700013257	NA
0900600010645	NA
0900700012189	NA
0900700015484	NA
0900700011176	NA
0900700014151	NA
0900700012920	NA
0900700015499	NA
0900700012634	NA
0900700015304	NA
0901300011205	NA
0900700011301	NA
0901300011116	NA
0901400010492	NA
0900700014240	NA
0901400010558	NA
0901400010261	NA
0901300010230	NA
0900800010476	NA
0901300011262	NA
0901200012013	NA
0901200010144	NA
0901000012061	NA
0901100010397	NA
0901200010303	NA
0901000012358	NA
0900700010290	NA
0901100010950	NA
0901100010819	NA
090110001154A	NA
0901200011941	NA
0901200261689	NA
0900700012808	NA
0901200010939	NA
0901200012140	NA
0900500012023	NA
090120001198A	NA
090050001270A	NA
0900500012216	NA
0900600010359	NA
0900500012447	NA
0900600011056	NA
0900700015681	NA
0900500011345	NA
0900900360242	NA
0900300010639	NA
0900500010775	NA
090020001117A	NA
0900500010826	NA
0900200010773	NA
0900500012907	NA
0900500010559	NA
0900300010342	NA
0900200011004	NA
0900300010573	NA
0900200010561	NA
0900700011123	NA
0900700010835	NA
0901000011951	NA
0901000011970	NA
0900700010360	NA
0900800010067	NA
0901700010973	NA
0901700010174	NA
0901700010259	NA
0901600010016	NA
0901600010228	NA
0901700010390	NA
0901600010285	NA
0900200010186	NA
0901700011134	NA
090040335	NA
0900500010987	NA
0901500010907	NA
0901700010013	NA
0901700010437	NA
0901600011207	NA
0901600011090	NA
0900300011393	NA
0900300010978	NA
0900901520613	NA
0900700015681	NA
0901500010146	NA
090070001077A	NA
0901000010332	NA
0900700012386	NA
0900903000632	NA
0900900330346	NA
090070001472A	NA
090160001068A	NA
0901700010259	NA
0901500010451	NA
0900200010947	NA
090160001132A	NA
0901700010719	NA
0901600010834	NA
090160001043A	NA
0901200011299	NA
0901300010669	NA
0900700013223	NA
0901200011994	NA
0901200261532	NA
0901200262314	NA
0901200012189	NA
0901100010359	NA
090050001295A	NA
090060001026A	NA
0900500012201	NA
0900500013411	NA
0900200011038	NA
0900200010487	NA
0900300010107	NA
0900200011061	NA
0900300011548	NA
0900400010123	NA
0900500010281	NA
0900200011019	NA
0900500012377	NA
0900500010328	NA
090070001401A	NA
0901000010440	NA
0900200011184	NA
0900500011504	NA
0900400010072	NA
0900300011228	NA
0900700013967	NA
090170001137A	NA
0901600010995	NA
0901600010586	NA
0901700011261	NA
0901700011350	NA
0901600011298	NA
0900800010245	NA
090050001199A	NA
0900600010908	NA
090060001026A	NA
0900500011951	NA
0900600010490	NA
0900500010807	NA
0900300011336	NA
0900800010175	NA
0900400010392	NA
0900300010982	NA
0900500011701	NA
0900200011019	NA
0900300011552	NA
0900500012220	NA
0900500012377	NA
0900500012964	NA
0900200010519	NA
0900800010014	NA
0900400010299	NA
0900300010431	NA
0900300011482	NA
090080001032A	NA
0900400010053	NA
0900700013717	NA
0900700015696	NA
0900300011707	NA
0900900360242	NA
0900800010033	NA
0900900330488	NA
0900900290609	NA
0900700010591	NA
0900200011080	NA
0901600011279	NA
0900200010400	NA
0901300010739	NA
0901600010228	NA
0901600010374	NA
0901600010285	NA
090020001010A	NA
0901300010654	NA
0901300010724	NA
0901300011101	NA
0901300011474	NA
0901300010809	NA
0901300011050	NA
0901700010719	NA
0901400010327	NA
0901400010543	NA
0901400010384	NA
0900700014096	NA
0901400010702	NA
0901400010204	NA
0901100011291	NA
0901000011650	NA
0901200010178	NA
0901300011506	NA
090120001077A	NA
0901100010984	NA
0901000010169	NA
0901200010731	NA
0901200011570	NA
090070001593A	NA
0901000011190	NA
0901000010563	NA
0901000011025	NA
0901200011744	NA
0900900240581	NA
0900700014560	NA
0900700013365	NA
0901000012023	NA
0900800010300	NA
090070001091A	NA
0900800010584	NA
0900700014363	NA
0900700014698	NA
090070001508A	NA
0900700014471	NA
0900700010479	NA
0900700011941	NA
0900700012441	NA
0900700011180	NA
0901600010590	NA
0900700012579	NA
0900700012935	NA
0900700014880	NA
0900700014931	NA
0900700015732	NA
0900700012719	NA
0900700015906	NA
0901300010495	NA
0901300011455	NA
0901300011120	NA
0901300011296	NA
0901300010654	NA
0901400010064	NA
0901400010204	NA
0901600011298	NA
0901000011542	NA
0901000011805	NA
0901300011099	NA
0901300011385	NA
0901200012259	NA
0901100011431	NA
0901000010864	NA
0901200010587	NA
0901000010493	NA
0901000010169	NA
0901000012131	NA
0901000010807	NA
0901000012061	NA
0901200011000	NA
0901200011759	NA
090100001231A	NA
0901100011535	NA
0901000010633	NA
0900700010962	NA
0901000011843	NA
0901100011323	NA
0901200012263	NA
0901100010679	NA
0901100011319	NA
0901700011026	NA
0901500010269	NA
0901000011519	NA
0901000012343	NA
0900500013093	NA
0900500012930	NA
0900500013159	NA
0900600010749	NA
0901500011394	NA
0901600010853	NA
0901700011100	NA
0901600010730	NA
0901700010615	NA
0901500010589	NA
0901700010511	NA
090090524	NA
090090115	NA
090170001094A	NA
0901700011488	NA
0901700011011	NA
0900500012396	NA
0901500010964	NA
0900600010429	NA
0900600010880	NA
0900500013144	NA
0900500013159	NA
0901700010776	NA
0901600010849	NA
0901600010853	NA
0901700011079	NA
0901700010988	NA
0901600010552	NA
0901700010615	NA
090170001144A	NA
0901100011272	NA
0901700011261	NA
0901600011315	NA
090130635	NA
090121829	NA
0900900110543	NA
0901000011665	NA
0900800010137	NA
0900800010584	NA
0900600010274	NA
0900700012884	NA
0900600010630	NA
0901200010248	NA
0901300011489	NA
090140001069A	NA
0901400010308	NA
0901000011523	NA
0901200010661	NA
0901200010727	NA
0901300010762	NA
0901100010984	NA
090100001060A	NA
0900700014503	NA
090120001159A	NA
0901000012377	NA
0901100261501	NA
0901100010240	NA
0901000010597	NA
0900700015516	NA
0901000012381	NA
0901100011361	NA
0901100011342	NA
0901100010310	NA
0900700014325	NA
0900700013539	NA
0900900010327	NA
0900700012460	NA
0900700010214	NA
0901000012023	NA
0900700015338	NA
0900600011179	NA
0900700011462	NA
0900700012193	NA
0900900170365	NA
0900700012189	NA
0900700010892	NA
0900700015643	NA
0901200011640	NA
0901200261693	NA
090070001209A	NA
090070001216A	NA
0900700011424	NA
0900700015145	NA
0900600010556	NA
0900700014880	NA
090070001262A	NA
0900700015465	NA
0901300011455	NA
090130001064A	NA
0901300010777	NA
0901300010353	NA
0901400010191	NA
0901200011566	NA
0901300010480	NA
0901100010363	NA
0901200012259	NA
0901200011636	NA
0901100240749	NA
0901000012343	NA
0901200012352	NA
0901300011332	NA
0901100210787	NA
0901000012057	NA
0901000010756	NA
0901300011493	NA
0901200011034	NA
0901100011361	NA
0901100010096	NA
0901000011773	NA
0901200011617	NA
0901200012333	NA
090110001122A	NA
0901100011145	NA
0901100010166	NA
0900900240219	NA
0900700015554	NA
0900900010026	NA
0900700015836	NA
090110001122A	NA
0900700014522	NA
0900800010071	NA
0900700015395	NA
0900800010531	NA
0900700012403	NA
0900700010248	NA
0900600010274	NA
0900600010433	NA
0900600010791	NA
0901100011145	NA
0900700010892	NA
090070001586A	NA
0900700012831	NA
0900700015588	NA
0900700015465	NA
0900700013897	NA
0900700015357	NA
0900700011960	NA
0900700012117	NA
0901100010151	NA
0900500010915	NA
0901200012282	NA
0900700011621	NA
0900900110420	NA
0900500012254	NA
0900500012998	NA
0901000010915	NA
0900500011932	NA
0900500010493	NA
0900500010012	NA
0901000010826	NA
0900200010754	NA
0900300010840	NA
0900400010369	NA
0900200010307	NA
0900500010991	NA
0900500013271	NA
0900700013276	NA
090030001022A	NA
0900700013562	NA
0900700015696	NA
0900700015766	NA
0900300011707	NA
0900800010245	NA
0900700010765	NA
0901700010649	NA
090160001068A	NA
090160001036A	NA
0901700010579	NA
0900700014471	NA
0901700011149	NA
0901500010396	NA
0901500010254	NA
090150001031A	NA
0901600010834	NA
090020001010A	NA
0901700010070	NA
0901200010905	NA
0900500011152	NA
0900700014109	NA
0900600010077	NA
0900700015075	NA
0900500011006	NA
0900500011078	NA
0900700012901	NA
0900700015501	NA
0900200010491	NA
0900200010256	NA
0900500012184	NA
0900500012362	NA
0900300011730	NA
0900500013271	NA
0900700011496	NA
090050001288A	NA
0900300011247	NA
0900200010928	NA
0900800010404	NA
0900800010048	NA
0900800010160	NA
090070001515A	NA
0901700010333	NA
090090017037A	NA
0901700010691	NA
0900500010262	NA
0900500010718	NA
0901500010930	NA
0900500011222	NA
0901600010868	NA
0900500012678	NA
090050001014A	NA
0900600011111	NA
0900500011307	NA
0901600010938	NA
0901700010738	NA
0901700011399	NA
0901500010786	NA
0901700010920	NA
0901500011375	NA
0901500011089	NA
0900500011542	NA
0900600010397	NA
0900500011665	NA
0900500012983	NA
0900500011627	NA
0900500011114	NA
090050001110A	NA
0900500012574	NA
0900500011097	NA
0901500010184	NA
0901700010386	NA
0901600010961	NA
0901700010403	NA
090170001144A	NA
0900600010043	NA
0901700011191	NA
0901600010054	NA
090111179	NA
0901200262418	NA
0900700014611	NA
0900700015624	NA
0900700014467	NA
0900700014240	NA
0900700013149	NA
0901300011101	NA
0900800010476	NA
0901000010296	NA
0901100240749	NA
0901200012136	NA
0900800010156	NA
0901200012456	NA
0901000010760	NA
0901000010756	NA
0901200192460	NA
0901200010089	NA
090110001108A	NA
0901200011903	NA
0901100011376	NA
0901200011617	NA
0901000011453	NA
0901200012244	NA
0900700015094	NA
0900700015770	NA
0900700013064	NA
0900700015817	NA
0900700014804	NA
0900700011176	NA
0900700010322	NA
0900700011284	NA
0901000010949	NA
0901100010039	NA
0901100010344	NA
0901100011499	NA
0901200012371	NA
0900600010823	NA
0901000012038	NA
0901000011665	NA
0901000012095	NA
0900900010562	NA
0901000012165	NA
0900800010550	NA
0900700011250	NA
0900700010110	NA
0900700012121	NA
0901200010498	NA
090070001383A	NA
0900700012846	NA
0900700012780	NA
090070001351A	NA
0900700014359	NA
0900700013204	NA
0900700011814	NA
0900300011270	NA
0900200010769	NA
0900700015910	NA
090080001032A	NA
0900900290469	NA
0900200011076	NA
0900500010510	NA
0900500011082	NA
0900300010605	NA
090020001067A	NA
0900200011080	NA
090160001132A	NA
0901600011086	NA
0901500010305	NA
0900500011237	NA
0901200011053	NA
0901200011388	NA
0900700011458	NA
0901200011918	NA
0901200261706	NA
0900500010811	NA
0900200010330	NA
090050001199A	NA
0900600010734	NA
090060001019A	NA
0900500011364	NA
0900500010258	NA
0900500012659	NA
0900600010503	NA
0900500012076	NA
0900500013017	NA
0900500012042	NA
0900500011006	NA
0900500010385	NA
0900200010275	NA
0900600010626	NA
090030001054A	NA
0900400200388	NA
0900500011701	NA
0900500011877	NA
0900200010627	NA
0901400010064	NA
0901300010194	NA
0901200011621	NA
090130001139A	NA
0901200012047	NA
0901100010946	NA
0901200010587	NA
090100001060A	NA
0901100011465	NA
0901200011759	NA
0901200010125	NA
090110001026A	NA
0901100011380	NA
0901200010089	NA
0901700011026	NA
0901500010269	NA
0901500011375	NA
0900600011094	NA
0900600010448	NA
0901700010013	NA
0901600010961	NA
0901700010367	NA
090130902	NA
0900700011458	NA
0900700014310	NA
0901100010274	NA
0900600010607	NA
0900700012047	NA
090050001224A	NA
0900500012998	NA
0900500012201	NA
0900200010805	NA
0900200010792	NA
0900200010449	NA
0900200010627	NA
0900500010135	NA
0900500010262	NA
0900500010563	NA
0901500011534	NA
0900600010414	NA
0900600010880	NA
0900600010236	NA
0900500012790	NA
0900500013252	NA
0901600010035	NA
0901600010124	NA
0901700011045	NA
0901700010032	NA
0901700011454	NA
0901700010916	NA
0901700010051	NA
0900500010559	NA
0900200010769	NA
0900700010835	NA
0901000011951	NA
0900700010638	NA
0900700012988	NA
0900500010510	NA
0900500011504	NA
0901700010973	NA
0900300011340	NA
0900400010072	NA
0900300010605	NA
0900200010171	NA
0901700010992	NA
0901600010586	NA
0901600010482	NA
0900600010490	NA
0901500010131	NA
0901600011071	NA
0901600011086	NA
0901500010216	NA
0900200010260	NA
0901200010996	NA
0901200010591	NA
0901200010159	NA
0901200011424	NA
0901200011509	NA
0900600010607	NA
090120001173A	NA
0900500013229	NA
0901200010905	NA
0900700015573	NA
0900500012748	NA
090050001174A	NA
0900500013360	NA
0900500012771	NA
0900500011843	NA
0900500010879	NA
0900300010431	NA
0901700011098	NA
0900400010053	NA
0900800010052	NA
0900700011636	NA
0900700010638	NA
0900800010033	NA
0900900330488	NA
0900900330346	NA
0900300010501	NA
0900700015111	NA
090170001151A	NA
0900200010947	NA
0901500010150	NA
0901500010288	NA
0901500010837	NA
0900500011595	NA
0900500011928	NA
0900500011044	NA
0900500013233	NA
0901500010979	NA
090050001313A	NA
0900500012786	NA
0900500013318	NA
0901700010935	NA
0901600010092	NA
0901600010410	NA
090110838	NA
090131281	NA
0901300010353	NA
0901000010046	NA
0901300010226	NA
0901300011065	NA
0901300010387	NA
090130001071A	NA
0901100011338	NA
0901100010217	NA
0901200010750	NA
0901000011044	NA
0901100010202	NA
0901000010370	NA
090120001223A	NA
0901000010205	NA
0900600010575	NA
0900500011665	NA
0900600010128	NA
0900500013233	NA
0900600010236	NA
0900600010240	NA
0901600011211	NA
0901600010887	NA
0901600010020	NA
090090524	NA
090131281	NA
0901100010823	NA
0901000011025	NA
0900700015554	NA
0900900010312	NA
0901000012165	NA
0900700010375	NA
0900700014433	NA
0900600010791	NA
0900800010207	NA
0900700012441	NA
0900700012850	NA
0900700014128	NA
090070001351A	NA
0900700014289	NA
090070001465A	NA
0900700012070	NA
0901500010038	NA
0901300011563	NA
0901300010014	NA
0901300010315	NA
0901400010308	NA
0901000011985	NA
0901300011224	NA
0901100241183	NA
0901200012136	NA
0901200011000	NA
0901000011595	NA
090120001159A	NA
0901200011316	NA
0901000011203	NA
0901100011342	NA
0901100011234	NA
0901000010262	NA
0900700013539	NA
0900700012460	NA
0900700010375	NA
0900600011179	NA
0900700015094	NA
0900700012051	NA
0900700012193	NA
0900700015766	NA
0900700014433	NA
0900700013115	NA
0900700012668	NA
0900700013045	NA
090070001440A	NA
0900700010958	NA
0900700014541	NA
0900700011424	NA
0900700010337	NA
0900700010356	NA
0900700011994	NA
0901300010705	NA
0900700011585	NA
0900700012808	NA
0901100010151	NA
0901200261710	NA
0900200010237	NA
0900500012108	NA
090050001270A	NA
0900500010614	NA
0900600010024	NA
0900500010436	NA
0900600010946	NA
0900500012428	NA
0900600010927	NA
0900500010296	NA
090050001181A	NA
0900500012536	NA
0900500010493	NA
0900500012625	NA
0900500010281	NA
0900500010205	NA
0900500010879	NA
0900500010968	NA
0900400010091	NA
0900200010415	NA
0900300010342	NA
0900900290473	NA
0900700014683	NA
0900800010052	NA
0900700010587	NA
0900700015677	NA
0900700010074	NA
090020001028A	NA
0900200011057	NA
090080001025A	NA
0900300010501	NA
0900300011228	NA
090020001067A	NA
0901700010742	NA
0900200010985	NA
0901600011226	NA
090020001074A	NA
0901700010225	NA
0900200010398	NA
0901600010317	NA
0901600010016	NA
0901600011048	NA
0901500010432	NA
0901500010292	NA
0901300011347	NA
0901300010866	NA
0901000012201	NA
0901000011985	NA
0901300010480	NA
0901200012047	NA
0901300011205	NA
0901000012019	NA
0901100010043	NA
0901100210791	NA
0901000011595	NA
0901100010575	NA
0901000011716	NA
0901000011186	NA
0901000011932	NA
0901000011824	NA
0900700015569	NA
0901000012235	NA
0900700010642	NA
0900700013365	NA
0900700010248	NA
0900700012206	NA
0900700013115	NA
0900700011941	NA
0900700011180	NA
090070001586A	NA
0901200261674	NA
0900700015376	NA
0900700012719	NA
0900700015906	NA
090070001287A	NA
0900500012733	NA
0900500010794	NA
0901400010721	NA
0900600010217	NA
0900500011434	NA
0900600010895	NA
0900500011171	NA
0900500013318	NA
0901600010209	NA
0901600010251	NA
0901600010815	NA
0901700010920	NA
0901700010475	NA
0901500011445	NA
0901600011353	NA
0901600011090	NA
0901700011191	NA
0901700011420	NA
0901700010634	NA
090111107	NA
0901200010464	NA
0901200011994	NA
0901200011388	NA
0900700013647	NA
0900700014306	NA
0900700011621	NA
0900500012216	NA
0900500010953	NA
090060001108A	NA
0900600011075	NA
0900500011186	NA
0900500013411	NA
0900500010012	NA
0900500012979	NA
0900500010370	NA
0900200010773	NA
0901100010128	NA
0901200011585	NA
0901000011754	NA
0901000011078	NA
0901100010804	NA
090070001426A	NA
0901000012220	NA
0900700010553	NA
0901000010455	NA
0900600010630	NA
0900700015751	NA
0900700011157	NA
0900700015624	NA
0900700012899	NA
0900700014594	NA
0900700015889	NA
0900700014293	NA
0900700015516	NA
0900700011640	NA
0900700011759	NA
0901400010609	NA
0900700011000	NA
0901300010300	NA
0901300010122	NA
090130001025A	NA
0901300010762	NA
0901000010347	NA
0901200012456	NA
0901200192475	NA
0901100010255	NA
0901100010240	NA
0901100111041	NA
0901200010712	NA
0900700011585	NA
0901200010267	NA
0900700014984	NA
0900700013990	NA
090120026166A	NA
0901200011123	NA
0900500013110	NA
0900500010455	NA
0900500010436	NA
0900300011016	NA
0900200010720	NA
0900500012979	NA
0900300010982	NA
090030001093A	NA
0900500010205	NA
0900500012362	NA
0900500010370	NA
0900200010449	NA
0900300010624	NA
0900300010304	NA
0900300011590	NA
0900800010546	NA
0900900290454	NA
0900800010103	NA
090070001077A	NA
0900300011317	NA
0900200011057	NA
0900800010334	NA
0901700010564	NA
0900200010468	NA
0901600011226	NA
0901500010729	NA
090170001009A	NA
0901500010447	NA
0901700011488	NA
0901500010555	NA
0900500011646	NA
0900500011449	NA
0901700011401	NA
090170001023A	NA
0901700011469	NA
0901700010422	NA
0901700010761	NA
0901700011505	NA
090111107	NA
0900500010667	NA
0900400010320	NA
0900300010484	NA
0900200010133	NA
0900700014679	NA
0900300011251	NA
0900200010896	NA
0901700011473	NA
090170001151A	NA
0901700010969	NA
0901600011349	NA
0901600010270	NA
0901700010263	NA
0901600011194	NA
0901600010745	NA
0901300010705	NA
0901200011547	NA
0901200262437	NA
0901200010163	NA
0900700012047	NA
0900500010629	NA
0900600010522	NA
0900500010332	NA
0900500013214	NA
0900500010296	NA
0900500012752	NA
0900500012502	NA
090050001320A	NA
0900200010612	NA
0900700015605	NA
0900200010364	NA
0900200010415	NA
0900300011139	NA
0900800010029	NA
0900900240191	NA
0900800010048	NA
0900700010074	NA
0900300011251	NA
0900700012672	NA
090040001034A	NA
0901700010808	NA
0901600010618	NA
0900200011131	NA
0901400010882	NA
0901400010897	NA
0901500010377	NA
0901300010508	NA
0901200262403	NA
0901200011142	NA
0901200012085	NA
0901200011049	NA
0900600010734	NA
0900600010359	NA
0900500010099	NA
0900500012447	NA
0900500011345	NA
0900500013125	NA
0900500013017	NA
0900300010376	NA
0900300010357	NA
0900500011970	NA
0900500010775	NA
0900300010446	NA
0900500010169	NA
0900300011139	NA
0900700014414	NA
090070001401A	NA
0901300010813	NA
0900700011636	NA
0900700013596	NA
0900300010709	NA
0900800010067	NA
0901700010564	NA
0900700014503	NA
0901700010282	NA
0901700011223	NA
0901600010162	NA
0901400010897	NA
090150001031A	NA
0901300010495	NA
0901300011402	NA
0901300011489	NA
0901000012201	NA
0901300011099	NA
0901300011084	NA
0901000010385	NA
0901000010864	NA
0901100010768	NA
0901200010746	NA
0901200012367	NA
0901200011087	NA
0901000011631	NA
0901200012244	NA
0900700014274	NA
0900700015183	NA
0900700015380	NA
0900600010170	NA
0900700010981	NA
0900700010106	NA
0900700014857	NA
090070001579A	NA
0901200261693	NA
0900700014128	NA
0900700015075	NA
090070001433A	NA
0900600010310	NA
090070001262A	NA
0901400010609	NA
0901100010363	NA
0901200010604	NA
0901300010442	NA
090120001077A	NA
0901000010347	NA
0901000010614	NA
0901300011493	NA
0901100010185	NA
0901200011585	NA
090110001147A	NA
0901000010741	NA
090100001053A	NA
0901000012080	NA
0901000011928	NA
0900500010718	NA
090150001017A	NA
0901400010967	NA
0900600010575	NA
0900500011222	NA
090070001426A	NA
0901600011230	NA
0901700011153	NA
0901600010251	NA
0900800010550	NA
0901600011103	NA
0901600010872	NA
0901600011315	NA
0901700010085	NA
090130902	NA
0900500010563	NA
0901500011534	NA
0901500010061	NA
0900600010397	NA
0900600011003	NA
090060001001A	NA
0901500010907	NA
0900500012822	NA
0901600010548	NA
090070001554A	NA
0901700011524	NA
0901500010184	NA
0901600010957	NA
0901700010032	NA
0901700011100	NA
0901700010386	NA
0901700011435	NA
0901700010761	NA
0901700011454	NA
0901600010410	NA
0901600011175	NA
0901600010800	NA
090170001062A	NA
090111179	NA
0901200011087	NA
0901000010224	NA
0901200012371	NA
0900700014791	NA
0900700015821	NA
0900700015836	NA
0900700014842	NA
0900800010071	NA
0900800010531	NA
0900700013030	NA
0900700015840	NA
090060001033A	NA
0900700010981	NA
0900600010293	NA
0900700014429	NA
0900700014344	NA
0900700010407	NA
0900700010572	NA
0900700013257	NA
0901400010562	NA
0901300011116	NA
0901300010230	NA
0901200011566	NA
0901200011621	NA
0901200010318	NA
0901300011506	NA
0900700010303	NA
0901100010607	NA
0901200012225	NA
090070001376A	NA
0901200011316	NA
0901000010328	NA
0901200261528	NA
0901000012004	NA
0901100010630	NA
0901200011496	NA
0901100010128	NA
0901200011655	NA
0901200012210	NA
0901000010578	NA
0901100010804	NA
0900600010823	NA
0900700013492	NA
0900700015041	NA
0900700010553	NA
0900700010888	NA
0901000010455	NA
0900700015037	NA
0900700012795	NA
0900700012668	NA
0900700011157	NA
0900700012121	NA
0900700015253	NA
0900700015639	NA
0900700014541	NA
0900700015855	NA
0900700014645	NA
0901100010630	NA
0901200010534	NA
0900700012846	NA
0900700013083	NA
0900700011918	NA
0901100011272	NA
0901000011627	NA
0900700012935	NA
0900600010999	NA
090140001069A	NA
0901200010322	NA
0901200010515	NA
0901200010661	NA
0901200012348	NA
0901300010404	NA
0901200011212	NA
0901100011323	NA
0901100011319	NA
0901200012386	NA
0901200011655	NA
0901000010544	NA
0900600011164	NA
0900900010505	NA
0900700014838	NA
0900700012511	NA
0900700013064	NA
0900700013859	NA
0900500012269	NA
0900700012206	NA
0900700014185	NA
0900700014804	NA
0901000010898	NA
0900700015253	NA
0901200010534	NA
0900700011655	NA
0900700011833	NA
090070001216A	NA
0900700010322	NA
0901200010464	NA
0901200011142	NA
0901200012085	NA
0901100211022	NA
090130001146A	NA
0900600010908	NA
0900500012108	NA
0900600010715	NA
090050001092A	NA
0900600010024	NA
0900300011336	NA
0900500012610	NA
0900300011571	NA
0900200010256	NA
0900200010519	NA
0900500011970	NA
0900200010294	NA
0900500010968	NA
0900400010091	NA
0900300011143	NA
0901000011561	NA
0900900360238	NA
0900700015130	NA
0900900240596	NA
0900300010709	NA
0901000010084	NA
090040001041A	NA
0901700010333	NA
0901700011204	NA
0900200010985	NA
0901600011349	NA
0901600010317	NA
0901600011194	NA
0901700010297	NA
0901600010196	NA
0901500010146	NA
0901400010810	NA
0901200012140	NA
0901200262329	NA
0901200012189	NA
0901200012282	NA
090120001216A	NA
0900700013844	NA
0900500013286	NA
0900200010218	NA
0900600010683	NA
0900500010629	NA
0900500010455	NA
0900500011218	NA
0900300011529	NA
0900200010203	NA
0900300010107	NA
0900200010720	NA
090050001320A	NA
0900500012023	NA
0900300010624	NA
0900200010364	NA
090030001022A	NA
0900300010889	NA
0900900290469	NA
0900300010662	NA
0900300011497	NA
0900200011076	NA
0900200011146	NA
0900900360238	NA
0900500011082	NA
0901000010084	NA
090040001041A	NA
0900700010765	NA
0900200010383	NA
0901600010603	NA
090160001036A	NA
0901400010882	NA
0901600011334	NA
0901500010288	NA
090050001231A	NA
0901400010967	NA
0900600011041	NA
0900500013394	NA
0900500010671	NA
0900500011044	NA
0900500012786	NA
0900500012790	NA
0900500013445	NA
0900700013223	NA
0900600010749	NA
0900500013163	NA
0900500013252	NA
0901700011172	NA
0901700010812	NA
0901500010428	NA
090170001094A	NA
0900500012396	NA
0900500012894	NA
0901500011248	NA
0900500011398	NA
0900500011684	NA
0900500013341	NA
0900600011022	NA
0900500011171	NA
0900600010240	NA
0900600010378	NA
0901500011252	NA
0901600010209	NA
0901700010776	NA
0901700011172	NA
0901600010529	NA
0901600010980	NA
0901700010526	NA
0901700011064	NA
0901600010919	NA
090170001062A	NA
0901200261532	NA
0901200011547	NA
0901200011509	NA
090070001337A	NA
